n_covariates <- 2
n_obs <- 20
x <- 
structure(c(9, 8, 9, 9, 7, 8, 7, 9, 8, 5, 10, 9, 4, 10, 8, 7, 8, 6, 9, 7, 16, 17, 21, 19, 4, 13,
3, 9, 6, 6, 4, 6, 5, 9, 7, 18, 9, 6, 10, 13),
.Dim = c(20, 2))
y <- 
c(91, 101, 45, 70, 11, 74, 1, 51, 38, 1, 48, 89, 5, 90, 35, 45, 52, 3, 124, 5)
ye <- 
c(60.022954, 114.06701, 32.900904, 115.22675, 18.981563, 78.657199, 2.3783082, 184.88548,
103.2835, 0.72856462, 62.185461, 192.97843, 4.8329585, 135.83706, 91.931015, 50.29044, 109.83366,
7.7440359, 244.29468, 4.7074167)
